# L J Jp S mag E_cla E_qua Q/pi
1500 1.000000 0.000000 0.500000 0.303983 -0.500000 -0.657947 1.000000
1500 1.000000 0.025000 0.500000 0.300247 -0.493750 -0.652998 1.000000
1500 1.000000 0.050000 0.500000 0.296279 -0.487500 -0.648094 1.000000
1500 1.000000 0.075000 0.500000 0.292055 -0.481250 -0.643238 1.000000
1500 1.000000 0.100000 0.500000 0.287543 -0.475000 -0.638435 1.000000
1500 1.000000 0.125000 0.500000 0.282709 -0.468750 -0.633688 1.000000
1500 1.000000 0.150000 0.500000 0.277511 -0.462500 -0.629001 1.000000
1500 1.000000 0.175000 0.500000 0.271896 -0.456250 -0.624380 1.000000
1500 1.000000 0.200000 0.500000 0.265802 -0.450000 -0.619830 1.000000
1500 1.000000 0.225000 0.500000 0.259153 -0.443750 -0.615358 1.000000
1500 1.000000 0.250000 0.500000 0.251851 -0.437500 -0.610972 1.000000
1500 1.000000 0.275000 0.500000 0.243773 -0.431250 -0.606679 1.000000
1500 1.000000 0.300000 0.500000 0.234755 -0.425000 -0.602491 1.000000
1500 1.000000 0.325000 0.500000 0.224577 -0.418750 -0.598420 1.000000
1500 1.000000 0.350000 0.500000 0.212931 -0.412500 -0.594481 1.000000
1500 1.000000 0.375000 0.500000 0.199365 -0.406250 -0.590692 1.000000
1500 1.000000 0.400000 0.500000 0.183171 -0.400000 -0.587077 1.000000
1500 1.000000 0.425000 0.500000 0.163134 -0.393750 -0.583667 1.000000
1500 1.000000 0.450000 0.500000 0.136838 -0.387500 -0.580504 1.000000
1500 1.000000 0.475000 0.500000 0.097905 -0.381250 -0.577654 1.000000
1500 1.000000 0.500000 0.500000 -0.154997 -0.375000 -0.575235 1.000000
1500 1.000000 0.525000 0.500000 0.059970 -0.369345 -0.563063 0.901373
1500 1.000000 0.550000 0.500000 0.105254 -0.364773 -0.552784 0.863222
1500 1.000000 0.575000 0.500000 0.130595 -0.361141 -0.544106 0.835601
1500 1.000000 0.600000 0.500000 0.150260 -0.358333 -0.536847 0.813571
1500 1.000000 0.625000 0.500000 0.166864 -0.356250 -0.530868 0.795167
1500 1.000000 0.650000 0.500000 0.180302 -0.354808 -0.526052 0.779360
1500 1.000000 0.675000 0.500000 0.191065 -0.353935 -0.522296 0.765525
1500 1.000000 0.700000 0.500000 0.199622 -0.353571 -0.519511 0.753248
1500 1.000000 0.725000 0.500000 0.208703 -0.353664 -0.517614 0.742238
1500 1.000000 0.750000 0.500000 0.215191 -0.354167 -0.516534 0.732280
1500 1.000000 0.775000 0.500000 0.220830 -0.355040 -0.516205 0.723210
1500 1.000000 0.800000 0.500000 0.225205 -0.356250 -0.516567 0.714901
1500 1.000000 0.825000 0.500000 0.229115 -0.357765 -0.517566 0.707251
1500 1.000000 0.850000 0.500000 0.231845 -0.359559 -0.519154 0.700177
1500 1.000000 0.875000 0.500000 0.234415 -0.361607 -0.521286 0.693611
1500 1.000000 0.900000 0.500000 0.236321 -0.363889 -0.523922 0.687494
1500 1.000000 0.925000 0.500000 0.237648 -0.366385 -0.527024 0.681780
1500 1.000000 0.950000 0.500000 0.238539 -0.369079 -0.530560 0.676427
1500 1.000000 0.975000 0.500000 0.239037 -0.371955 -0.534497 0.671399
1500 1.000000 1.000000 0.500000 0.239506 -0.375000 -0.538809 0.666667
1500 1.000000 1.025000 0.500000 0.239056 -0.378201 -0.543469 0.662202
1500 1.000000 1.050000 0.500000 0.238610 -0.381548 -0.548454 0.657983
1500 1.000000 1.075000 0.500000 0.237937 -0.385029 -0.553742 0.653987
1500 1.000000 1.100000 0.500000 0.237074 -0.388636 -0.559313 0.650198
1500 1.000000 1.125000 0.500000 0.235096 -0.392361 -0.565148 0.646599
1500 1.000000 1.150000 0.500000 0.234717 -0.396196 -0.571231 0.643175
1500 1.000000 1.175000 0.500000 0.232697 -0.400133 -0.577546 0.639913
1500 1.000000 1.200000 0.500000 0.231725 -0.404167 -0.584079 0.636802
1500 1.000000 1.225000 0.500000 0.230047 -0.408291 -0.590817 0.633831
1500 1.000000 1.250000 0.500000 0.228263 -0.412500 -0.597746 0.630990
1500 1.000000 1.275000 0.500000 0.226337 -0.416789 -0.604856 0.628271
1500 1.000000 1.300000 0.500000 0.224371 -0.421154 -0.612136 0.625666
1500 1.000000 1.325000 0.500000 0.222261 -0.425590 -0.619576 0.623168
1500 1.000000 1.350000 0.500000 0.220076 -0.430093 -0.627167 0.620769
1500 1.000000 1.375000 0.500000 0.217834 -0.434659 -0.634900 0.618465
1500 1.000000 1.400000 0.500000 0.215621 -0.439286 -0.642768 0.616249
1500 1.000000 1.425000 0.500000 0.213259 -0.443969 -0.650763 0.614117
1500 1.000000 1.450000 0.500000 0.210062 -0.448707 -0.658878 0.612063
1500 1.000000 1.475000 0.500000 0.208446 -0.453496 -0.667108 0.610083
1500 1.000000 1.500000 0.500000 0.205961 -0.458333 -0.675445 0.608173
1500 1.000000 1.525000 0.500000 0.203636 -0.463217 -0.683884 0.606330
1500 1.000000 1.550000 0.500000 0.201024 -0.468145 -0.692420 0.604550
1500 1.000000 1.575000 0.500000 0.198425 -0.473115 -0.701048 0.602830
1500 1.000000 1.600000 0.500000 0.195884 -0.478125 -0.709763 0.601166
1500 1.000000 1.625000 0.500000 0.193452 -0.483173 -0.718562 0.599557
1500 1.000000 1.650000 0.500000 0.190700 -0.488258 -0.727439 0.597998
1500 1.000000 1.675000 0.500000 0.188235 -0.493377 -0.736391 0.596489
1500 1.000000 1.700000 0.500000 0.185700 -0.498529 -0.745415 0.595026
1500 1.000000 1.725000 0.500000 0.183067 -0.503714 -0.754507 0.593607
1500 1.000000 1.750000 0.500000 0.180411 -0.508929 -0.763664 0.592231
1500 1.000000 1.775000 0.500000 0.177784 -0.514173 -0.772882 0.590895
1500 1.000000 1.800000 0.500000 0.175191 -0.519444 -0.782160 0.589598
1500 1.000000 1.825000 0.500000 0.172589 -0.524743 -0.791494 0.588338
1500 1.000000 1.850000 0.500000 0.169915 -0.530068 -0.800881 0.587113
1500 1.000000 1.875000 0.500000 0.167108 -0.535417 -0.810321 0.585922
1500 1.000000 1.900000 0.500000 0.164503 -0.540789 -0.819809 0.584764
1500 1.000000 1.925000 0.500000 0.162084 -0.546185 -0.829344 0.583637
1500 1.000000 1.950000 0.500000 0.159160 -0.551603 -0.838924 0.582540
1500 1.000000 1.975000 0.500000 0.156593 -0.557041 -0.848547 0.581471
1500 1.000000 2.000000 0.500000 0.154211 -0.562500 -0.858212 0.580431
1500 1.000000 2.025000 0.500000 0.151391 -0.567978 -0.867916 0.579416
1500 1.000000 2.050000 0.500000 0.149008 -0.573476 -0.877657 0.578428
1500 1.000000 2.075000 0.500000 0.146172 -0.578991 -0.887435 0.577464
1500 1.000000 2.100000 0.500000 0.143728 -0.584524 -0.897248 0.576523
1500 1.000000 2.125000 0.500000 0.141310 -0.590074 -0.907094 0.575605
1500 1.000000 2.150000 0.500000 0.137330 -0.595640 -0.916972 0.574710
1500 1.000000 2.175000 0.500000 0.136078 -0.601221 -0.926881 0.573835
1500 1.000000 2.200000 0.500000 0.133677 -0.606818 -0.936820 0.572981
1500 1.000000 2.225000 0.500000 0.130904 -0.612430 -0.946787 0.572146
1500 1.000000 2.250000 0.500000 0.128200 -0.618056 -0.956781 0.571331
1500 1.000000 2.275000 0.500000 0.125821 -0.623695 -0.966802 0.570534
1500 1.000000 2.300000 0.500000 0.123585 -0.629348 -0.976847 0.569755
1500 1.000000 2.325000 0.500000 0.121138 -0.635013 -0.986918 0.568993
1500 1.000000 2.350000 0.500000 0.118620 -0.640691 -0.997011 0.568247
1500 1.000000 2.375000 0.500000 0.116077 -0.646382 -1.007127 0.567518
1500 1.000000 2.400000 0.500000 0.113460 -0.652083 -1.017265 0.566804
1500 1.000000 2.425000 0.500000 0.111002 -0.657796 -1.027423 0.566105
1500 1.000000 2.450000 0.500000 0.108278 -0.663520 -1.037602 0.565421
1500 1.000000 2.475000 0.500000 0.106091 -0.669255 -1.047800 0.564751
1500 1.000000 2.500000 0.500000 0.103515 -0.675000 -1.058017 0.564094
1500 1.000000 2.525000 0.500000 0.101380 -0.680755 -1.068252 0.563451
1500 1.000000 2.550000 0.500000 0.099057 -0.686520 -1.078505 0.562821
1500 1.000000 2.575000 0.500000 0.096823 -0.692294 -1.088774 0.562203
1500 1.000000 2.600000 0.500000 0.094543 -0.698077 -1.099059 0.561597
1500 1.000000 2.625000 0.500000 0.092232 -0.703869 -1.109360 0.561003
1500 1.000000 2.650000 0.500000 0.089855 -0.709670 -1.119677 0.560421
1500 1.000000 2.675000 0.500000 0.087328 -0.715479 -1.130008 0.559849
1500 1.000000 2.700000 0.500000 0.084721 -0.721296 -1.140353 0.559288
1500 1.000000 2.725000 0.500000 0.082165 -0.727122 -1.150711 0.558738
1500 1.000000 2.750000 0.500000 0.080584 -0.732955 -1.161083 0.558198
1500 1.000000 2.775000 0.500000 0.078438 -0.738795 -1.171468 0.557668
1500 1.000000 2.800000 0.500000 0.076022 -0.744643 -1.181865 0.557148
1500 1.000000 2.825000 0.500000 0.073293 -0.750498 -1.192274 0.556636
1500 1.000000 2.850000 0.500000 0.071369 -0.756360 -1.202695 0.556134
1500 1.000000 2.875000 0.500000 0.069483 -0.762228 -1.213127 0.555641
1500 1.000000 2.900000 0.500000 0.067103 -0.768103 -1.223569 0.555157
1500 1.000000 2.925000 0.500000 0.060059 -0.773985 -1.234022 0.554680
1500 1.000000 2.950000 0.500000 0.062796 -0.779873 -1.244486 0.554213
1500 1.000000 2.975000 0.500000 0.060678 -0.785767 -1.254959 0.553753
1500 1.000000 3.000000 0.500000 0.056528 -0.791667 -1.265442 0.553300
1500 1.000000 3.025000 0.500000 0.056264 -0.797572 -1.275934 0.552856
1500 1.000000 3.050000 0.500000 0.054233 -0.803484 -1.286434 0.552419
1500 1.000000 3.075000 0.500000 0.046057 -0.809400 -1.296944 0.551989
1500 1.000000 3.100000 0.500000 0.049970 -0.815323 -1.307462 0.551566
1500 1.000000 3.125000 0.500000 0.047771 -0.821250 -1.317988 0.551149
1500 1.000000 3.150000 0.500000 0.044999 -0.827183 -1.328522 0.550740
1500 1.000000 3.175000 0.500000 0.043776 -0.833120 -1.339064 0.550337
1500 1.000000 3.200000 0.500000 0.041025 -0.839062 -1.349613 0.549941
1500 1.000000 3.225000 0.500000 0.039542 -0.845010 -1.360170 0.549550
1500 1.000000 3.250000 0.500000 0.037367 -0.850962 -1.370733 0.549166
1500 1.000000 3.275000 0.500000 0.035167 -0.856918 -1.381303 0.548788
1500 1.000000 3.300000 0.500000 0.033496 -0.862879 -1.391880 0.548415
1500 1.000000 3.325000 0.500000 0.030135 -0.868844 -1.402463 0.548048
1500 1.000000 3.350000 0.500000 0.029530 -0.874813 -1.413053 0.547687
1500 1.000000 3.375000 0.500000 0.026597 -0.880787 -1.423649 0.547331
1500 1.000000 3.400000 0.500000 0.025559 -0.886765 -1.434250 0.546981
1500 1.000000 3.425000 0.500000 0.021370 -0.892746 -1.444857 0.546635
1500 1.000000 3.450000 0.500000 0.021620 -0.898732 -1.455470 0.546295
1500 1.000000 3.475000 0.500000 0.018803 -0.904721 -1.466088 0.545960
1500 1.000000 3.500000 0.500000 0.017732 -0.910714 -1.476711 0.545629
1500 1.000000 3.525000 0.500000 0.013483 -0.916711 -1.487340 0.545303
1500 1.000000 3.550000 0.500000 0.013894 -0.922711 -1.497973 0.544982
1500 1.000000 3.575000 0.500000 0.010942 -0.928715 -1.508612 0.544665
1500 1.000000 3.600000 0.500000 0.010087 -0.934722 -1.519255 0.544353
1500 1.000000 3.625000 0.500000 0.006640 -0.940733 -1.529902 0.544045
1500 1.000000 3.650000 0.500000 0.006274 -0.946747 -1.540554 0.543742
1500 1.000000 3.675000 0.500000 0.003924 -0.952764 -1.551211 0.543442
1500 1.000000 3.700000 0.500000 0.002393 -0.958784 -1.561871 0.543147
1500 1.000000 3.725000 0.500000 0.000545 -0.964807 -1.572536 0.542856
1500 1.000000 3.750000 0.500000 -0.001763 -0.970833 -1.583204 0.542568
1500 1.000000 3.775000 0.500000 -0.002948 -0.976863 -1.593877 0.542285
1500 1.000000 3.800000 0.500000 -0.005910 -0.982895 -1.604553 0.542005
1500 1.000000 3.825000 0.500000 -0.006595 -0.988930 -1.615233 0.541729
1500 1.000000 3.850000 0.500000 -0.008867 -0.994968 -1.625916 0.541456
1500 1.000000 3.875000 0.500000 -0.010531 -1.001008 -1.636603 0.541187
1500 1.000000 3.900000 0.500000 -0.012000 -1.007051 -1.647294 0.540922
1500 1.000000 3.925000 0.500000 -0.014942 -1.013097 -1.657987 0.540660
1500 1.000000 3.950000 0.500000 -0.015528 -1.019146 -1.668684 0.540401
1500 1.000000 3.975000 0.500000 -0.017633 -1.025197 -1.679384 0.540145
1500 1.000000 4.000000 0.500000 -0.019626 -1.031250 -1.690087 0.539893
